529,69
529,92
529,141
2,8
2,7
2,6
2,5
2,4
2,3
2,2
2,1
2,0
1,8
1,7
1,6
1,5
1,4
1,3
1,2
1,1
1,0
0,510
0,508
0,504
0,502
0,501
0,499
0,495
0,493
0,491
0,483
0,481
0,478
0,475
0,470
0,466
0,464
0,463
0,462
0,458
0,457
0,456
0,454
0,451
0,447
0,443
0,442
0,414
0,411
0,383
0,381
0,374
0,372
0,371
0,368
0,366
0,365
0,361
0,360
0,359
0,355
0,348
0,343
0,333
0,326
0,322
0,321
0,320
0,316
0,314
0,306
0,243
64,11
64,1
64,3
64,0
145,1
145,3
0,448
0,449
63,11
145,0
63,7
63,1
63,3
0,445
0,375
63,0
0,331
529,140
529,1
529,3
0,362
0,327
529,0
0,332
0,9
0,310
0,305
0,340
0,337
0,335
0,484
0,459
0,455
0,450
0,446
0,434
0,324
0,453
0,465
0,497
0,460
0,452
0,461
0,346
0,308
0,304
0,303
0,302
0,307
0,444
0,12
0,373
0,10
0,480
0,8
0,0
0,385
0,300
0,379
0,299
0,352
0,298
0,325
0,297
0,479
0,296
0,367
0,295
0,425
0,294
0,358
0,293
0,393
0,292
0,506
0,291
0,441
0,290
0,438
0,289
0,424
0,288
0,399
0,287
0,317
0,286
0,357
0,285
0,380
0,284
0,511
0,283
0,500
0,282
0,395
0,281
0,440
0,280
0,279
0,403
0,278
0,406
0,277
0,354
2,9
2,10
2,12
2,13
2,15
2,16
2,18
2,20
2,21
2,23
2,24
2,26
2,28
2,29
2,31
2,32
2,34
2,35
2,65
2,67
2,68
2,70
2,71
2,73
2,75
2,76
2,78
2,79
2,81
2,82
2,84
2,86
2,87
2,89
2,90
2,92
2,94
2,95
2,97
2,98
2,100
2,101
2,103
2,105
2,106
2,108
2,109
2,111
2,113
2,114
2,116
2,117
2,119
2,121
2,122
2,124
2,125
2,128
2,129
2,131
2,133
2,134
3,1
3,2
3,5
4,1
4,2
24,0
24,1
24,3
24,4
24,6
24,8
24,9
25,1
25,2
25,4
25,6
25,7
25,9
25,10
25,12
25,13
25,15
25,17
25,18
25,20
25,21
25,23
26,0
26,1
26,3
26,4
26,6
26,8
26,9
26,11
26,12
26,15
26,16
26,18
26,20
26,21
26,23
26,24
27,1
27,3
27,4
27,6
27,7
27,9
27,10
27,12
27,14
27,15
27,17
27,18
27,20
27,22
27,23
27,25
27,26
28,0
28,1
28,3
28,5
28,6
28,8
29,0
29,2
29,4
30,0
30,2
30,3
30,5
31,0
31,2
31,4
32,0
32,3
32,4
32,6
33,0
33,1
33,3
33,4
33,7
34,1
34,2
34,4
35,0
35,2
35,3
35,5
36,1
36,2
36,4
36,5
37,0
37,2
37,3
37,5
37,6
38,0
38,1
38,3
38,5
38,6
38,8
38,9
39,1
39,3
39,4
40,0
40,1
40,3
40,4
41,1
41,3
41,4
42,1
42,2
42,4
43,0
43,1
43,3
43,4
44,0
44,2
44,3
44,5
45,0
45,2
45,3
45,5
45,7
45,8
45,10
45,11
45,13
45,15
46,0
46,2
46,3
47,0
47,1
47,3
47,5
47,6
47,8
48,0
48,2
49,0
49,1
49,3
49,4
50,1
50,2
50,4
50,6
51,0
51,2
51,3
51,5
51,7
52,0
52,2
52,3
52,5
52,6
53,1
53,3
53,4
53,6
53,7
54,1
54,3
54,4
55,0
55,1
55,3
55,5
56,0
56,2
56,3
56,5
56,6
57,1
57,3
57,4
57,6
57,7
58,1
58,3
58,4
58,6
59,0
59,2
59,3
59,5
60,0
60,1
60,3
60,4
60,6
61,1
61,2
61,4
62,0
62,2
62,3
63,2
63,5
63,6
63,9
63,10
64,4
64,6
64,7
64,9
64,10
64,13
64,15
64,16
64,18
65,0
65,2
65,3
65,5
66,1
66,2
66,4
66,5
67,0
67,2
67,3
68,0
68,1
68,3
68,4
69,0
69,2
69,3
69,5
69,6
69,8
70,0
70,1
70,3
70,4
70,6
71,0
71,2
71,4
71,5
72,0
72,1
72,3
72,5
72,6
73,1
73,2
73,4
73,6
73,7
74,1
74,2
74,4
74,5
74,7
75,1
75,2
75,4
75,5
75,7
76,1
76,2
76,4
76,5
76,7
76,8
76,10
77,1
77,2
77,4
77,5
78,1
78,3
78,4
78,6
79,0
79,2
79,3
80,1
80,3
80,4
80,6
80,7
80,9
80,11
80,12
81,1
81,2
81,4
81,5
82,0
82,2
82,3
82,5
82,6
83,1
83,3
83,4
83,6
84,0
84,2
84,4
84,5
85,0
85,1
85,3
85,4
85,6
85,8
85,9
86,0
86,1
86,3
86,5
86,6
86,8
86,9
86,11
86,12
86,14
86,16
86,17
86,19
86,20
86,22
86,24
86,25
86,27
86,28
86,30
86,31
86,33
86,35
86,36
86,38
86,39
86,41
87,1
87,2
87,4
87,5
88,0
88,2
88,3
88,5
89,0
89,2
89,3
90,1
90,3
91,0
91,2
91,3
92,0
92,2
92,3
92,5
92,6
93,0
93,1
93,3
93,5
93,6
94,0
94,1
94,3
94,5
94,6
95,1
95,2
95,4
95,5
96,1
96,3
96,4
96,6
97,0
97,2
97,4
97,5
98,0
98,1
98,3
98,4
99,1
99,3
99,4
100,1
100,2
100,4
101,1
101,2
101,4
101,5
101,7
102,1
102,2
102,4
102,5
103,0
103,1
103,3
104,0
104,1
104,3
104,4
105,1
105,3
105,4
106,1
106,2
106,4
107,0
107,2
108,0
108,1
108,3
108,4
109,0
109,2
109,3
110,0
110,1
110,3
110,4
111,1
111,3
111,4
112,1
112,2
113,0
113,2
113,3
114,1
114,2
114,4
115,1
115,2
115,4
116,0
116,2
116,3
116,5
117,0
117,1
117,3
117,4
118,1
118,3
118,4
119,1
119,2
119,4
120,0
120,2
120,4
120,5
121,1
121,2
121,4
121,6
121,7
122,1
122,2
122,4
122,5
123,0
123,2
123,3
123,5
124,0
124,2
124,4
124,5
124,7
124,8
124,10
124,11
125,0
125,2
125,3
125,5
125,6
125,8
126,0
126,1
126,3
126,4
126,6
126,8
126,9
127,1
127,2
127,4
127,5
127,7
127,9
128,0
128,2
128,3
128,5
128,7
128,8
128,10
128,11
129,1
129,2
129,4
129,6
129,7
129,9
129,10
129,12
130,1
130,2
130,4
131,0
131,2
131,3
131,5
131,7
132,0
132,2
132,3
133,1
133,3
133,4
134,0
134,1
134,3
134,5
134,6
136,0
136,1
136,3
136,4
136,6
137,0
137,1
137,3
137,4
138,0
138,2
138,3
138,5
139,0
139,2
139,3
139,5
140,0
140,1
140,3
140,4
141,0
141,2
141,3
142,0
142,1
142,3
142,4
142,6
143,1
143,2
143,4
143,5
144,1
144,3
144,4
145,4
145,5
146,1
146,3
146,4
147,0
147,1
147,3
148,0
148,2
148,4
148,5
149,1
149,2
149,4
150,0
150,1
150,3
150,4
150,6
151,0
151,2
151,4
151,5
152,1
152,2
152,4
153,1
153,2
154,0
154,1
154,3
154,4
154,6
154,8
154,9
154,11
154,12
154,14
154,16
154,17
154,19
154,20
154,22
154,23
154,25
154,27
154,28
154,30
154,31
154,33
154,35
154,36
154,38
154,39
154,41
154,43
154,44
154,46
154,47
154,49
154,50
154,52
154,54
154,55
154,57
154,58
154,60
154,62
154,63
154,65
154,66
154,68
154,69
154,71
154,73
154,74
154,76
154,77
154,79
154,81
154,82
154,84
154,85
154,87
154,88
154,90
154,92
154,93
154,95
154,96
154,98
154,100
154,101
154,103
154,104
154,106
154,108
154,109
154,111
154,112
154,114
154,115
154,117
154,119
154,120
154,122
154,123
154,125
154,127
154,128
154,130
154,131
154,133
154,134
154,136
154,138
154,139
154,141
154,142
154,144
154,146
154,147
154,149
154,150
154,152
154,153
154,155
154,157
154,158
154,160
154,161
154,163
154,165
154,166
154,168
154,169
154,171
154,172
154,174
154,192
154,193
154,195
154,196
154,198
154,200
154,201
154,203
154,204
154,206
154,208
154,209
154,211
154,212
154,214
154,215
154,217
154,219
154,220
155,1
155,2
155,4
156,0
156,1
156,3
156,4
156,6
157,0
157,2
158,0
158,1
158,3
158,4
159,0
159,2
159,3
160,1
160,2
160,4
161,0
161,2
161,4
162,0
162,2
162,3
162,5
162,7
163,0
163,2
163,3
163,5
164,0
164,1
164,3
164,4
165,0
165,1
165,3
166,0
166,1
166,3
166,4
166,6
166,8
166,9
166,11
166,12
166,14
166,15
167,0
167,2
167,3
167,5
167,6
168,0
168,2
168,3
168,5
169,0
169,2
169,3
169,5
169,7
169,8
170,0
170,1
170,3
170,5
171,0
171,2
171,3
172,0
172,1
172,3
172,5
172,6
173,0
173,1
173,3
174,1
174,2
175,0
175,1
175,3
175,5
175,6
176,0
176,1
176,3
176,4
177,0
177,2
177,3
177,5
177,6
178,1
178,3
178,4
179,0
179,1
179,3
179,4
180,0
180,2
180,3
180,5
180,6
181,0
181,2
181,3
181,5
182,0
182,2
182,3
182,5
183,1
183,2
183,4
183,5
183,7
184,1
184,2
184,4
184,5
185,0
185,2
185,3
186,0
186,1
186,3
186,4
186,6
187,1
187,2
187,4
187,5
188,0
188,2
188,3
189,0
189,1
189,3
189,4
189,6
190,0
190,1
190,3
190,4
190,6
191,1
191,2
191,4
191,5
191,7
192,0
192,2
192,4
193,0
193,2
193,3
193,5
194,1
194,2
194,4
195,0
195,2
195,4
195,5
196,0
196,1
196,3
196,4
196,6
197,1
197,2
197,4
197,5
198,0
198,2
198,3
199,0
199,1
199,3
199,4
199,6
200,1
200,2
200,4
201,0
201,2
201,4
201,5
202,0
202,1
202,3
202,4
202,6
202,8
202,9
203,0
203,1
203,3
204,0
204,1
204,3
204,4
205,0
205,1
205,3
206,0
206,1
206,3
206,4
206,6
207,0
207,1
207,3
207,4
208,0
208,2
208,3
208,5
208,6
209,0
209,1
209,3
209,5
209,6
209,8
210,0
210,2
210,4
210,5
210,7
211,0
211,2
211,3
211,5
212,1
212,2
212,4
212,5
213,0
213,2
213,3
213,5
213,6
214,1
214,2
214,4
214,6
215,0
215,2
215,3
215,5
216,1
216,2
216,4
216,5
217,1
217,3
217,4
218,0
218,1
218,3
218,4
219,0
219,2
219,3
219,5
219,6
220,0
220,2
220,3
220,5
221,0
221,2
221,3
221,5
222,0
222,1
222,3
222,4
222,6
222,8
223,0
223,2
223,3
223,5
224,0
224,2
225,0
225,1
225,3
225,4
226,0
226,2
226,3
226,5
226,6
227,1
227,2
227,4
227,6
228,0
228,2
228,3
228,5
229,1
229,2
229,4
229,5
230,1
230,3
230,4
230,6
231,0
231,2
231,3
231,5
232,1
232,2
232,4
232,5
233,1
233,3
233,4
233,6
234,0
234,2
234,3
234,5
235,1
235,2
235,4
235,5
236,0
236,2
236,3
236,5
237,0
237,2
237,3
237,5
238,0
238,1
238,3
238,4
239,0
239,2
239,3
239,5
239,6
240,1
240,3
240,4
241,0
241,1
241,3
241,4
242,0
242,2
242,3
242,5
242,6
242,8
243,0
243,1
243,3
243,4
243,6
243,7
243,9
243,11
243,12
243,14
243,15
243,17
243,19
243,20
243,22
243,23
243,25
243,26
243,28
243,30
243,31
243,33
243,34
243,36
243,65
243,66
243,68
243,69
243,71
243,72
243,74
243,76
244,0
244,2
244,3
244,5
244,7
245,0
245,2
245,3
245,5
246,1
246,2
246,4
246,5
247,1
247,2
247,4
248,1
248,2
248,4
248,5
248,7
249,0
249,1
249,3
249,4
250,1
250,2
250,4
251,1
251,2
251,4
251,5
251,7
252,1
252,2
252,4
253,0
253,2
253,3
253,5
254,0
254,1
254,3
254,4
254,6
255,1
255,2
255,4
255,5
256,0
256,2
256,3
256,5
256,6
257,0
257,1
257,3
257,5
257,6
258,1
258,2
258,4
258,6
258,7
259,1
259,2
260,0
260,1
260,3
261,0
261,1
261,3
261,4
262,1
262,3
262,4
263,1
263,2
263,4
263,5
264,1
264,3
264,4
265,0
265,1
265,3
266,0
266,1
266,3
266,4
267,1
267,3
267,4
268,0
268,1
268,3
268,4
268,6
269,1
269,2
270,0
270,1
270,3
271,0
271,1
271,3
271,4
272,1
272,2
273,0
273,2
273,3
273,5
273,6
274,1
274,3
275,0
275,2
275,3
276,1
276,2
276,4
277,1
277,2
278,0
278,1
278,3
278,5
279,0
279,2
279,3
280,0
280,1
280,3
281,0
281,1
281,3
281,4
282,1
282,3
282,4
282,6
283,0
283,2
283,4
284,0
284,2
284,3
285,0
285,1
285,3
286,0
286,1
286,3
286,4
287,1
287,3
287,4
288,1
288,2
288,4
289,0
289,2
289,4
290,0
290,2
290,3
291,0
291,2
291,3
292,0
292,1
292,3
292,4
293,1
293,3
293,4
294,1
294,2
294,4
295,1
295,2
295,4
296,0
296,2
296,4
296,5
297,1
297,2
297,4
298,0
298,2
298,4
298,5
299,1
299,2
299,4
300,1
300,2
300,4
301,0
301,2
301,3
302,0
302,2
302,3
303,0
303,1
303,3
303,5
304,0
304,2
304,3
304,5
304,6
304,8
305,1
305,2
305,4
305,5
305,7
306,1
306,2
306,4
306,5
306,7
307,0
307,2
307,4
307,5
308,1
308,2
308,4
308,6
309,0
309,2
309,3
309,5
310,0
310,1
310,3
311,0
311,2
311,3
311,5
311,7
311,8
312,1
312,2
312,4
312,6
312,7
313,1
313,2
313,4
314,0
314,2
314,4
315,0
315,2
315,3
316,0
316,2
316,3
316,5
316,6
317,0
317,1
317,3
317,5
317,6
318,0
318,1
318,3
318,5
318,6
318,8
319,0
319,2
319,4
320,0
320,2
320,3
321,0
321,1
321,3
321,5
321,6
322,1
322,2
322,4
323,1
323,2
323,4
323,5
324,1
324,2
324,4
325,0
325,1
325,3
325,4
326,0
326,2
326,3
327,0
327,1
327,3
327,4
328,1
328,3
328,4
329,0
329,1
329,3
329,5
329,6
330,1
330,2
330,4
330,5
331,1
331,3
331,4
331,6
332,0
332,2
332,4
332,5
333,0
333,1
333,3
333,5
334,0
334,2
334,3
335,0
335,1
335,3
336,0
336,1
336,3
336,4
336,6
337,0
337,1
337,3
337,4
337,6
337,7
337,9
338,1
338,2
338,4
338,5
339,0
339,2
339,3
339,5
339,6
340,1
340,2
340,4
340,6
341,0
341,2
341,3
341,5
341,7
342,0
342,2
342,3
343,0
343,2
343,3
343,5
343,6
344,0
344,1
344,3
344,5
344,6
345,1
345,2
345,4
346,1
346,2
346,4
346,5
347,0
347,1
347,3
348,0
348,1
348,3
348,4
349,1
349,3
349,4
350,0
350,1
350,3
351,0
351,2
351,4
352,0
352,2
352,3
352,5
352,7
352,8
353,1
353,2
353,4
354,0
354,1
354,3
354,4
355,1
355,2
355,4
356,1
356,2
356,4
357,0
357,2
357,4
358,0
358,2
358,3
358,5
359,0
359,2
359,4
359,5
359,7
360,0
360,2
360,4
360,5
361,1
361,2
361,4
361,5
362,1
362,3
362,4
362,6
363,0
363,2
363,4
363,5
364,0
364,1
364,3
364,4
365,1
365,3
365,4
366,1
366,2
366,4
366,6
367,0
367,2
367,3
368,0
368,2
368,3
368,5
368,6
369,0
369,1
369,3
370,0
370,1
370,3
370,4
371,0
371,2
371,3
371,5
372,0
372,2
372,3
372,5
373,1
373,2
373,4
374,0
374,2
374,4
375,0
375,2
375,3
375,5
376,0
376,2
376,4
376,5
377,0
377,1
377,3
377,5
378,0
378,2
378,3
379,0
379,2
379,3
379,5
379,6
380,1
380,2
380,4
380,6
380,7
381,0
381,1
381,3
381,5
382,0
382,2
382,3
383,0
383,1
383,3
384,0
384,1
384,3
384,4
385,0
385,2
385,3
386,0
386,1
386,3
386,4
387,1
387,3
387,4
388,1
388,2
388,4
389,0
389,1
389,3
389,4
389,6
390,0
390,2
390,4
390,5
391,1
391,2
391,4
391,6
392,0
392,2
392,3
392,5
393,1
393,2
393,4
393,5
394,0
394,1
394,3
394,5
395,0
395,2
395,3
395,5
396,1
396,2
396,4
397,0
397,2
397,3
397,5
398,0
398,1
398,3
398,4
399,1
399,3
399,4
400,1
400,2
401,0
401,1
401,3
401,5
401,6
402,1
402,2
402,4
403,0
403,1
403,3
403,4
404,1
404,3
404,4
405,1
405,2
405,4
405,5
406,1
406,3
406,4
407,0
407,1
407,3
408,0
408,1
408,3
408,4
409,1
409,2
409,4
410,0
410,1
410,3
411,0
411,2
411,4
412,0
412,2
412,3
412,5
412,6
413,1
413,3
413,4
413,6
414,0
414,2
414,4
414,5
415,1
415,2
415,4
415,5
416,0
416,2
416,3
416,5
417,0
417,2
417,4
417,5
417,7
417,8
418,1
418,3
418,4
419,1
419,2
419,4
420,0
420,2
420,4
420,5
421,0
421,1
421,3
421,5
421,6
422,1
422,2
422,4
422,5
423,0
423,2
423,3
424,0
424,1
424,3
424,5
425,0
425,2
425,3
426,0
426,1
426,3
427,0
427,1
427,3
427,4
427,6
428,1
428,2
428,4
428,5
429,1
429,3
429,4
430,1
430,2
430,4
430,5
431,1
431,3
431,4
431,6
432,0
432,2
432,4
432,5
433,1
433,2
433,4
433,5
434,0
434,2
434,3
434,5
435,0
435,2
435,4
435,5
436,0
436,1
436,3
436,4
436,6
436,8
437,0
437,2
437,3
438,0
438,2
438,3
438,5
438,6
439,1
439,3
439,4
440,0
440,1
440,3
440,4
441,1
441,3
441,4
442,1
442,2
442,4
442,6
442,7
443,1
443,2
444,0
444,1
444,3
445,0
445,1
445,3
445,4
446,1
446,3
446,4
446,6
447,0
447,2
447,3
448,0
448,2
448,3
449,0
449,1
449,3
450,0
450,1
450,3
450,4
450,6
450,7
451,1
451,3
451,4
452,1
452,2
452,4
453,0
453,1
453,3
453,4
454,1
454,3
454,4
456,0
456,1
456,3
456,4
456,6
456,8
456,9
457,1
457,2
458,0
458,2
458,3
459,1
459,2
460,0
460,1
460,3
461,1
461,2
462,0
462,1
462,3
463,1
463,2
464,0
464,1
464,3
465,0
465,2
466,0
466,1
466,3
467,0
467,2
468,0
468,1
468,3
468,4
468,6
469,1
469,2
469,4
470,0
470,2
470,3
470,5
470,7
470,8
470,10
470,11
471,1
471,3
471,4
471,6
472,0
472,2
472,3
472,5
473,0
473,1
473,3
473,4
474,1
474,3
474,4
475,0
475,1
475,3
475,4
475,6
476,1
476,2
476,4
476,5
477,1
477,3
477,4
478,0
478,1
478,3
478,4
479,1
479,3
479,4
480,0
480,1
480,3
481,1
481,2
481,4
481,5
481,7
482,1
482,2
483,0
483,1
483,3
484,0
484,2
484,4
484,5
485,0
485,1
485,3
485,5
485,6
486,1
486,2
486,4
487,0
487,2
487,4
487,5
487,7
488,0
488,2
489,0
489,1
489,3
489,4
490,1
490,2
490,4
490,6
491,0
491,2
491,3
491,5
492,0
492,1
492,3
492,4
492,6
493,1
493,2
493,4
494,0
494,2
494,3
494,5
495,1
495,2
495,4
495,5
496,1
496,3
496,4
497,0
497,1
497,3
497,4
497,6
498,1
498,2
498,4
499,0
499,2
499,4
499,5
500,1
500,2
500,4
500,5
500,7
501,1
501,2
501,4
501,5
502,1
502,3
502,4
503,0
503,1
503,3
504,0
504,2
504,4
504,5
505,1
505,2
505,4
506,1
506,2
506,4
506,5
507,1
507,3
507,4
508,0
508,1
508,3
508,4
509,0
509,2
509,3
509,5
510,0
510,2
510,4
510,5
511,1
511,2
511,4
512,0
512,2
512,4
512,5
513,1
513,2
513,4
514,0
514,1
514,3
514,4
515,0
515,1
515,3
516,0
516,1
516,3
517,0
517,2
517,4
517,5
517,7
518,0
518,2
518,4
519,0
519,2
519,3
520,0
520,1
520,3
521,0
521,1
521,3
521,4
522,1
522,3
522,4
523,0
523,1
523,3
523,4
524,1
524,3
524,4
525,1
525,2
525,4
526,1
526,2
526,4
527,0
527,2
527,3
528,0
528,2
528,3
529,2
529,4
529,6
529,8
529,9
529,11
529,12
529,14
529,16
529,17
529,19
529,20
529,22
529,23
529,25
529,27
529,28
529,30
529,31
529,33
529,35
529,36
529,38
529,39
529,41
529,42
529,44
529,46
529,47
529,49
529,50
529,52
529,54
529,55
529,57
529,58
529,60
529,61
529,63
529,65
529,66
529,68
529,71
529,73
529,74
529,76
529,77
529,79
529,80
529,82
529,84
529,85
529,87
529,88
529,90
529,93
529,96
529,97
529,99
529,128
529,129
529,131
529,132
529,134
529,135
529,137
529,139
530,0
530,2
530,3
531,0
531,2
531,3
531,5
531,6
532,0
532,1
532,3
533,0
533,1
533,3
533,4
533,6
533,7
533,5
533,2
532,4
532,2
531,7
531,4
531,1
530,4
530,1
529,138
529,136
529,133
529,130
529,100
529,98
529,95
529,91
529,89
529,86
529,83
529,81
529,78
529,75
529,72
529,70
529,67
529,64
529,62
529,59
529,56
529,53
529,51
529,48
529,45
529,43
529,40
529,37
529,34
529,32
529,29
529,26
529,24
529,21
529,18
529,15
529,13
529,10
529,7
529,5
528,4
528,1
527,4
527,1
526,3
526,0
525,3
525,0
524,2
524,0
523,2
522,5
522,2
522,0
521,2
520,4
520,2
519,4
519,1
518,3
518,1
517,6
517,3
517,1
516,2
515,4
515,2
514,5
514,2
513,5
513,3
513,0
512,3
512,1
511,3
511,0
510,3
510,1
509,4
509,1
508,5
508,2
507,5
507,2
507,0
506,3
506,0
505,3
505,0
504,3
504,1
503,2
502,5
502,2
502,0
501,3
501,0
500,6
500,3
500,0
499,3
499,1
498,3
498,0
497,5
497,2
496,5
496,2
496,0
495,3
495,0
494,4
494,1
493,3
493,0
492,5
492,2
491,6
491,4
491,1
490,5
490,3
490,0
489,2
488,3
488,1
487,6
487,3
487,1
486,3
486,0
485,4
485,2
484,6
484,3
484,1
483,2
482,3
482,0
481,6
481,3
481,0
480,2
479,5
479,2
479,0
478,2
477,5
477,2
477,0
476,3
476,0
475,5
475,2
474,5
474,2
474,0
473,2
472,6
472,4
472,1
471,5
471,2
471,0
470,9
470,6
470,4
470,1
469,3
469,0
468,5
468,2
467,3
467,1
466,2
465,3
465,1
464,2
463,3
463,0
462,2
461,3
461,0
460,2
459,3
459,0
458,1
457,3
457,0
456,7
456,5
456,2
454,5
454,2
454,0
453,2
452,5
452,3
452,0
451,2
451,0
450,5
450,2
449,4
449,2
448,4
448,1
447,4
447,1
446,5
446,2
446,0
445,2
444,4
444,2
443,3
443,0
442,5
442,3
442,0
441,2
441,0
440,2
439,5
439,2
439,0
438,4
438,1
437,4
437,1
436,7
436,5
436,2
435,6
435,3
435,1
434,4
434,1
433,6
433,3
433,0
432,3
432,1
431,5
431,2
431,0
430,3
430,0
429,2
429,0
428,3
428,0
427,5
427,2
426,4
426,2
425,4
425,1
424,4
424,2
423,4
423,1
422,6
422,3
422,0
421,4
421,2
420,6
420,3
420,1
419,3
419,0
418,2
418,0
417,6
417,3
417,1
416,4
416,1
415,6
415,3
415,0
414,3
414,1
413,5
413,2
413,0
412,4
412,1
411,3
411,1
410,2
409,5
409,3
409,0
408,2
407,4
407,2
406,5
406,2
406,0
405,3
405,0
404,2
404,0
403,2
402,5
402,3
402,0
401,4
401,2
400,3
400,0
399,2
399,0
398,2
397,6
397,4
397,1
396,3
396,0
395,4
395,1
394,4
394,2
393,6
393,3
393,0
392,4
392,1
391,5
391,3
391,0
390,3
390,1
389,5
389,2
388,5
388,3
388,0
387,2
387,0
386,2
385,4
385,1
384,5
384,2
383,4
383,2
382,4
382,1
381,4
381,2
380,8
380,5
380,3
380,0
379,4
379,1
378,4
378,1
377,4
377,2
376,6
376,3
376,1
375,4
375,1
374,3
374,1
373,3
373,0
372,4
372,1
371,4
371,1
370,5
370,2
369,4
369,2
368,7
368,4
368,1
367,4
367,1
366,5
366,3
366,0
365,2
365,0
364,2
363,6
363,3
363,1
362,5
362,2
362,0
361,3
361,0
360,3
360,1
359,6
359,3
359,1
358,4
358,1
357,3
357,1
356,3
356,0
355,3
355,0
354,2
353,5
353,3
353,0
352,6
352,4
352,1
351,3
351,1
350,2
349,5
349,2
349,0
348,2
347,4
347,2
346,6
346,3
346,0
345,3
345,0
344,4
344,2
343,7
343,4
343,1
342,4
342,1
341,6
341,4
341,1
340,5
340,3
340,0
339,4
339,1
338,6
338,3
338,0
337,8
337,5
337,2
336,7
336,5
336,2
335,4
335,2
334,4
334,1
333,4
333,2
332,6
332,3
332,1
331,5
331,2
331,0
330,3
330,0
329,4
329,2
328,5
328,2
328,0
327,2
326,4
326,1
325,5
325,2
324,5
324,3
324,0
323,3
323,0
322,3
322,0
321,4
321,2
320,4
320,1
319,3
319,1
318,7
318,4
318,2
317,7
317,4
317,2
316,7
316,4
316,1
315,4
315,1
314,3
314,1
313,3
313,0
312,5
312,3
312,0
311,6
311,4
311,1
310,2
309,6
309,4
309,1
308,5
308,3
308,0
307,3
307,1
306,6
306,3
306,0
305,6
305,3
305,0
304,7
304,4
304,1
303,4
303,2
302,4
302,1
301,4
301,1
300,3
300,0
299,3
299,0
298,3
298,1
297,3
297,0
296,3
296,1
295,3
295,0
294,3
294,0
293,2
293,0
292,2
291,4
291,1
290,4
290,1
289,3
289,1
288,3
288,0
287,2
287,0
286,2
285,4
285,2
284,4
284,1
283,3
283,1
282,5
282,2
282,0
281,2
280,4
280,2
279,4
279,1
278,4
278,2
277,3
277,0
276,3
276,0
275,1
274,2
274,0
273,4
273,1
272,3
272,0
271,2
270,4
270,2
269,3
269,0
268,5
268,2
267,5
267,2
267,0
266,2
265,4
265,2
264,5
264,2
264,0
263,3
263,0
262,2
262,0
261,2
260,4
260,2
259,3
259,0
258,5
258,3
258,0
257,4
257,2
256,7
256,4
256,1
255,6
255,3
255,0
254,5
254,2
253,6
253,4
253,1
252,3
252,0
251,6
251,3
251,0
250,3
250,0
249,2
248,8
248,6
248,3
248,0
247,3
247,0
246,3
246,0
245,4
245,1
244,6
244,4
244,1
243,75
243,73
243,70
243,67
243,64
243,35
243,32
243,29
243,27
243,24
243,21
243,18
243,16
243,13
243,10
243,8
243,5
243,2
242,9
242,7
242,4
242,1
241,5
241,2
240,5
240,2
240,0
239,4
239,1
238,5
238,2
237,6
237,4
237,1
236,4
236,1
235,6
235,3
235,0
234,4
234,1
233,5
233,2
233,0
232,3
232,0
231,4
231,1
230,5
230,2
230,0
229,3
229,0
228,4
228,1
227,5
227,3
227,0
226,4
226,1
225,5
225,2
224,3
224,1
223,4
223,1
222,7
222,5
222,2
221,6
221,4
221,1
220,4
220,1
219,7
219,4
219,1
218,5
218,2
217,5
217,2
217,0
216,3
216,0
215,4
215,1
214,5
214,3
214,0
213,4
213,1
212,6
212,3
212,0
211,4
211,1
210,6
210,3
210,1
209,7
209,4
209,2
208,7
208,4
208,1
207,5
207,2
206,7
206,5
206,2
205,4
205,2
204,5
204,2
203,4
203,2
202,10
202,7
202,5
202,2
201,6
201,3
201,1
200,3
200,0
199,5
199,2
198,4
198,1
197,6
197,3
197,0
196,5
196,2
195,6
195,3
195,1
194,3
194,0
193,4
193,1
192,3
192,1
191,6
191,3
191,0
190,5
190,2
189,7
189,5
189,2
188,4
188,1
187,6
187,3
187,0
186,5
186,2
185,4
185,1
184,6
184,3
184,0
183,6
183,3
183,0
182,4
182,1
181,4
181,1
180,7
180,4
180,1
179,5
179,2
178,5
178,2
178,0
177,4
177,1
176,5
176,2
175,7
175,4
175,2
174,3
174,0
173,2
172,7
172,4
172,2
171,4
171,1
170,4
170,2
169,9
169,6
169,4
169,1
168,4
168,1
167,7
167,4
167,1
166,16
166,13
166,10
166,7
166,5
166,2
165,4
165,2
164,5
164,2
163,6
163,4
163,1
162,6
162,4
162,1
161,3
161,1
160,3
160,0
159,1
158,5
158,2
157,3
157,1
156,5
156,2
155,5
155,3
155,0
154,218
154,216
154,213
154,210
154,207
154,205
154,202
154,199
154,197
154,194
154,175
154,173
154,170
154,167
154,164
154,162
154,159
154,156
154,154
154,151
154,148
154,145
154,143
154,140
154,137
154,135
154,132
154,129
154,126
154,124
154,121
154,118
154,116
154,113
154,110
154,107
154,105
154,102
154,99
154,97
154,94
154,91
154,89
154,86
154,83
154,80
154,78
154,75
154,72
154,70
154,67
154,64
154,61
154,59
154,56
154,53
154,51
154,48
154,45
154,42
154,40
154,37
154,34
154,32
154,29
154,26
154,24
154,21
154,18
154,15
154,13
154,10
154,7
154,5
154,2
153,3
153,0
152,3
152,0
151,3
151,1
150,5
150,2
149,5
149,3
149,0
148,3
148,1
147,2
146,5
146,2
146,0
145,2
144,2
144,0
143,3
143,0
142,5
142,2
141,4
141,1
140,5
140,2
139,6
139,4
139,1
138,4
138,1
137,5
137,2
136,7
136,5
136,2
134,7
134,4
134,2
133,5
133,2
133,0
132,1
131,6
131,4
131,1
130,3
130,0
129,11
129,8
129,5
129,3
129,0
128,9
128,6
128,4
128,1
127,8
127,6
127,3
127,0
126,7
126,5
126,2
125,9
125,7
125,4
125,1
124,12
124,9
124,6
124,3
124,1
123,4
123,1
122,6
122,3
122,0
121,5
121,3
121,0
120,3
120,1
119,3
119,0
118,2
118,0
117,2
116,6
116,4
116,1
115,3
115,0
114,3
114,0
113,1
112,3
112,0
111,2
111,0
110,2
109,4
109,1
108,5
108,2
107,3
107,1
106,3
106,0
105,2
105,0
104,2
103,4
103,2
102,6
102,3
102,0
101,6
101,3
101,0
100,3
100,0
99,2
99,0
98,2
97,6
97,3
97,1
96,5
96,2
96,0
95,3
95,0
94,4
94,2
93,7
93,4
93,2
92,7
92,4
92,1
91,4
91,1
90,2
90,0
89,1
88,4
88,1
87,6
87,3
87,0
86,40
86,37
86,34
86,32
86,29
86,26
86,23
86,21
86,18
86,15
86,13
86,10
86,7
86,4
86,2
85,10
85,7
85,5
85,2
84,6
84,3
84,1
83,5
83,2
83,0
82,4
82,1
81,6
81,3
81,0
80,10
80,8
80,5
80,2
80,0
79,1
78,5
78,2
78,0
77,3
77,0
76,9
76,6
76,3
76,0
75,6
75,3
75,0
74,6
74,3
74,0
73,5
73,3
73,0
72,4
72,2
71,6
71,3
71,1
70,5
70,2
69,9
69,7
69,4
69,1
68,5
68,2
67,4
67,1
66,6
66,3
66,0
65,4
65,1
64,17
64,14
64,12
64,8
64,5
64,2
63,8
63,4
62,4
62,1
61,3
61,0
60,5
60,2
59,6
59,4
59,1
58,5
58,2
58,0
57,5
57,2
57,0
56,4
56,1
55,4
55,2
54,5
54,2
54,0
53,5
53,2
53,0
52,4
52,1
51,6
51,4
51,1
50,5
50,3
50,0
49,2
48,3
48,1
47,7
47,4
47,2
46,4
46,1
45,14
45,12
45,9
45,6
45,4
45,1
44,4
44,1
43,5
43,2
42,5
42,3
42,0
41,2
41,0
40,2
39,5
39,2
39,0
38,7
38,4
38,2
37,7
37,4
37,1
36,6
36,3
36,0
35,4
35,1
34,3
34,0
33,5
33,2
32,8
32,5
32,1
31,3
31,1
30,4
30,1
29,3
29,1
28,7
28,4
28,2
27,27
27,24
27,21
27,19
27,16
27,13
27,11
27,8
27,5
27,2
27,0
26,22
26,19
26,17
26,13
26,10
26,7
26,5
26,2
25,24
25,22
25,19
25,16
25,14
25,11
25,8
25,5
25,3
25,0
24,7
24,5
24,2
4,3
4,0
3,4
2,135
2,132
2,130
2,126
2,123
2,120
2,118
2,115
2,112
2,110
2,107
2,104
2,102
2,99
2,96
2,93
2,91
2,88
2,85
2,83
2,80
2,77
2,74
2,72
2,69
2,66
2,64
2,33
2,30
2,27
2,25
2,22
2,19
2,17
2,14
2,11
0,276
0,323
0,275
0,435
0,274
0,418
0,273
0,420
0,272
0,353
0,271
0,402
0,270
0,432
0,269
0,436
0,268
0,347
0,267
0,400
0,266
0,417
0,265
0,431
0,264
0,401
0,263
0,262
0,492
0,261
0,315
0,260
0,364
0,259
0,419
0,258
0,363
0,257
0,439
0,256
0,329
0,255
0,485
0,254
0,437
0,253
0,473
0,252
0,429
0,251
0,392
0,250
0,341
0,249
0,486
0,248
0,472
0,247
0,471
0,246
0,498
0,245
0,244
0,505
0,242
0,496
0,241
0,416
0,240
0,503
0,239
0,238
0,487
0,237
0,482
0,236
0,390
0,235
0,328
0,234
0,356
0,233
0,312
0,232
0,430
0,231
0,427
0,230
0,318
0,229
0,311
0,228
0,426
0,227
0,476
0,226
0,377
0,225
0,376
0,224
0,469
0,223
0,222
0,415
0,221
0,412
0,220
0,387
0,219
0,339
0,218
0,370
0,217
0,494
0,216
0,407
0,215
0,382
0,214
0,477
0,213
0,404
0,212
0,313
0,211
0,309
0,210
0,301
0,209
0,396
0,208
0,345
0,207
